Temperatura_promedio,Cambio_lluvias,Frecuencia_sequías,Producción_alimentos,Impacto_agricola,Impacto_agricola_alto,Impacto_agricola_bajo,Impacto_agricola_medio
10.5,-5,2,950000,alto,1.0,0.0,0.0
17.8,-10,5,650000,medio,0.0,0.0,1.0
22.3,-15,8,400000,bajo,0.0,1.0,0.0
25.1,-8,6,900000,medio,0.0,0.0,1.0
6.2,-2,1,850000,medio,0.0,0.0,1.0
15.4,-12,7,500000,bajo,0.0,1.0,0.0
18.2,-9,6,600000,bajo,0.0,1.0,0.0
12.8,-4,3,1200000,alto,1.0,0.0,0.0
11.5,-6,2,980000,alto,1.0,0.0,0.0
13.4,-7,4,700000,medio,0.0,0.0,1.0
16.1,-3,1,720000,medio,0.0,0.0,1.0
22.9,-11,7,450000,bajo,0.0,1.0,0.0
9.7,-4,2,820000,medio,0.0,0.0,1.0
5.4,-1,1,900000,medio,0.0,0.0,1.0
20.5,-13,9,300000,bajo,0.0,1.0,0.0
14.7,-6,3,1100000,alto,1.0,0.0,0.0
26.9,-12,6,700000,medio,0.0,0.0,1.0
4.6,-3,1,600000,bajo,0.0,1.0,0.0
20.1,-11,5,550000,bajo,0.0,1.0,0.0
28.0,-14,7,480000,bajo,0.0,1.0,0.0
23.5,-8,8,370000,bajo,0.0,1.0,0.0
13.8,-5,2,890000,medio,0.0,0.0,1.0
15.3,-10,4,560000,bajo,0.0,1.0,0.0
